PYTHON VERSION:
3.6.8 (default, Jan 16 2024, 08:27:02) 
[GCC 8.5.0 20210514 (Red Hat 8.5.0-20)]
k; case; number of internally valid fillings; number of valid boundary constraints; result (block divergence); input number_vertices; input edges; input number_boundary_vertices; input boundary_edges; input block_boundary_edges
2; Type 1.3.1; 15; 27; 0.7272727272727271; 3; [(0, 1), (1, 2), (2, 0)]; 3; []; [(0, 0), (1, 1), (2, 2)]
2; Type 1.4.1; 35; 81; 0.7692307692307692; 4; [(0, 1), (1, 2), (2, 3), (3, 0)]; 4; []; [(0, 0), (1, 1), (2, 2), (3, 3)]
2; Type 1.5.1; 83; 243; 0.790322580645161; 5; [(0, 1), (1, 2), (2, 3), (3, 4), (4, 0)]; 5; []; [(0, 0), (1, 1), (2, 2), (3, 3), (4, 4)]
2; Type 1.6.1; 199; 729; 0.798657718120805; 6; [(0, 1), (1, 2), (2, 3), (3, 4), (4, 5), (5, 0)]; 6; []; [(0, 0), (1, 1), (2, 2), (3, 3), (4, 4), (5, 5)]
2; Type 1.7.1; 479; 2187; 0.8022284122562677; 7; [(0, 1), (1, 2), (2, 3), (3, 4), (4, 5), (5, 6), (6, 0)]; 7; []; [(0, 0), (1, 1), (2, 2), (3, 3), (4, 4), (5, 5), (6, 6)]
2; Type 1.8.1; 1155; 6561; 0.8036951501154732; 8; [(0, 1), (1, 2), (2, 3), (3, 4), (4, 5), (5, 6), (6, 7), (7, 0)]; 8; []; [(0, 0), (1, 1), (2, 2), (3, 3), (4, 4), (5, 5), (6, 6), (7, 7)]
2; Type 1.9.1; 2787; 19683; 0.8043062200956932; 9; [(0, 1), (1, 2), (2, 3), (3, 4), (4, 5), (5, 6), (6, 7), (7, 8), (8, 0)]; 9; []; [(0, 0), (1, 1), (2, 2), (3, 3), (4, 4), (5, 5), (6, 6), (7, 7), (8, 8)]
2; Type 1.10.1; 6727; 59049; 0.8045589692765116; 10; [(0, 1), (1, 2), (2, 3), (3, 4), (4, 5), (5, 6), (6, 7), (7, 8), (8, 9), (9, 0)]; 10; []; [(0, 0), (1, 1), (2, 2), (3, 3), (4, 4), (5, 5), (6, 6), (7, 7), (8, 8), (9, 9)]
2; Type 1.3.12; 15; 9; 1.3272727272727272; 3; [(0, 1), (1, 2), (2, 0)]; 2; []; [(0, 0), (1, 0), (2, 1)]
2; Type 1.4.12; 35; 27; 1.3846153846153846; 4; [(0, 1), (1, 2), (2, 3), (3, 0)]; 3; []; [(0, 0), (1, 0), (2, 1), (3, 2)]
2; Type 1.4.13; 35; 27; 1.4358974358974361; 4; [(0, 1), (1, 2), (2, 3), (3, 0)]; 3; []; [(0, 0), (2, 0), (1, 1), (3, 2)]
2; Type 1.5.12; 83; 81; 1.415322580645161; 5; [(0, 1), (1, 2), (2, 3), (3, 4), (4, 0)]; 4; []; [(0, 0), (1, 0), (2, 1), (3, 2), (4, 3)]
2; Type 1.5.13; 83; 81; 1.540322580645161; 5; [(0, 1), (1, 2), (2, 3), (3, 4), (4, 0)]; 4; []; [(0, 0), (2, 0), (1, 1), (3, 2), (4, 3)]
2; Type 1.6.12; 199; 243; 1.4268628463259336; 6; [(0, 1), (1, 2), (2, 3), (3, 4), (4, 5), (5, 0)]; 5; []; [(0, 0), (1, 0), (2, 1), (3, 2), (4, 3), (5, 4)]
2; Type 1.6.13; 199; 243; 1.5747771211058792; 6; [(0, 1), (1, 2), (2, 3), (3, 4), (4, 5), (5, 0)]; 5; []; [(0, 0), (2, 0), (1, 1), (3, 2), (4, 3), (5, 4)]
2; Type 1.6.14; 199; 243; 1.5520823756550515; 6; [(0, 1), (1, 2), (2, 3), (3, 4), (4, 5), (5, 0)]; 5; []; [(0, 0), (3, 0), (1, 1), (2, 2), (4, 3), (5, 4)]
2; Type 1.7.12; 479; 729; 1.4318580418858975; 7; [(0, 1), (1, 2), (2, 3), (3, 4), (4, 5), (5, 6), (6, 0)]; 6; []; [(0, 0), (1, 0), (2, 1), (3, 2), (4, 3), (5, 4), (6, 5)]
2; Type 1.7.13; 479; 729; 1.591048288032665; 7; [(0, 1), (1, 2), (2, 3), (3, 4), (4, 5), (5, 6), (6, 0)]; 6; []; [(0, 0), (2, 0), (1, 1), (3, 2), (4, 3), (5, 4), (6, 5)]
2; Type 1.7.14; 479; 729; 1.5793712693991253; 7; [(0, 1), (1, 2), (2, 3), (3, 4), (4, 5), (5, 6), (6, 0)]; 6; []; [(0, 0), (3, 0), (1, 1), (2, 2), (4, 3), (5, 4), (6, 5)]
2; Type 1.8.12; 1155; 2187; 1.433892086658143; 8; [(0, 1), (1, 2), (2, 3), (3, 4), (4, 5), (5, 6), (6, 7), (7, 0)]; 7; []; [(0, 0), (1, 0), (2, 1), (3, 2), (4, 3), (5, 4), (6, 5), (7, 6)]
2; Type 1.8.13; 1155; 2187; 1.5975095831051647; 8; [(0, 1), (1, 2), (2, 3), (3, 4), (4, 5), (5, 6), (6, 7), (7, 0)]; 7; []; [(0, 0), (2, 0), (1, 1), (3, 2), (4, 3), (5, 4), (6, 5), (7, 6)]
2; Type 1.8.14; 1155; 2187; 1.592293724937326; 8; [(0, 1), (1, 2), (2, 3), (3, 4), (4, 5), (5, 6), (6, 7), (7, 0)]; 7; []; [(0, 0), (3, 0), (1, 1), (2, 2), (4, 3), (5, 4), (6, 5), (7, 6)]
2; Type 1.8.15; 1155; 2187; 1.5869119333322566; 8; [(0, 1), (1, 2), (2, 3), (3, 4), (4, 5), (5, 6), (6, 7), (7, 0)]; 7; []; [(0, 0), (4, 0), (1, 1), (2, 2), (3, 3), (5, 4), (6, 5), (7, 6)]
2; Type 1.9.12; 2787; 6561; 1.4347410027043885; 9; [(0, 1), (1, 2), (2, 3), (3, 4), (4, 5), (5, 6), (6, 7), (7, 8), (8, 0)]; 8; []; [(0, 0), (1, 0), (2, 1), (3, 2), (4, 3), (5, 4), (6, 5), (7, 6), (8, 7)]
2; Type 1.9.13; 2787; 6561; 1.6002463910358635; 9; [(0, 1), (1, 2), (2, 3), (3, 4), (4, 5), (5, 6), (6, 7), (7, 8), (8, 0)]; 8; []; [(0, 0), (2, 0), (1, 1), (3, 2), (4, 3), (5, 4), (6, 5), (7, 6), (8, 7)]
2; Type 1.9.14; 2787; 6561; 1.5974096683715544; 9; [(0, 1), (1, 2), (2, 3), (3, 4), (4, 5), (5, 6), (6, 7), (7, 8), (8, 0)]; 8; []; [(0, 0), (3, 0), (1, 1), (2, 2), (4, 3), (5, 4), (6, 5), (7, 6), (8, 7)]
2; Type 1.9.15; 2787; 6561; 1.5988798635065464; 9; [(0, 1), (1, 2), (2, 3), (3, 4), (4, 5), (5, 6), (6, 7), (7, 8), (8, 0)]; 8; []; [(0, 0), (4, 0), (1, 1), (2, 2), (3, 3), (5, 4), (6, 5), (7, 6), (8, 7)]
2; Type 1.10.12; 6727; 19683; 1.4350916024348006; 10; [(0, 1), (1, 2), (2, 3), (3, 4), (4, 5), (5, 6), (6, 7), (7, 8), (8, 9), (9, 0)]; 9; []; [(0, 0), (1, 0), (2, 1), (3, 2), (4, 3), (5, 4), (6, 5), (7, 6), (8, 7), (9, 8)]
2; Type 1.10.13; 6727; 19683; 1.601371718280495; 10; [(0, 1), (1, 2), (2, 3), (3, 4), (4, 5), (5, 6), (6, 7), (7, 8), (8, 9), (9, 0)]; 9; []; [(0, 0), (2, 0), (1, 1), (3, 2), (4, 3), (5, 4), (6, 5), (7, 6), (8, 7), (9, 8)]
2; Type 1.10.14; 6727; 19683; 1.5995773441233876; 10; [(0, 1), (1, 2), (2, 3), (3, 4), (4, 5), (5, 6), (6, 7), (7, 8), (8, 9), (9, 0)]; 9; []; [(0, 0), (3, 0), (1, 1), (2, 2), (4, 3), (5, 4), (6, 5), (7, 6), (8, 7), (9, 8)]
2; Type 1.10.15; 6727; 19683; 1.6035943390514316; 10; [(0, 1), (1, 2), (2, 3), (3, 4), (4, 5), (5, 6), (6, 7), (7, 8), (8, 9), (9, 0)]; 9; []; [(0, 0), (4, 0), (1, 1), (2, 2), (3, 3), (5, 4), (6, 5), (7, 6), (8, 7), (9, 8)]
2; Type 1.10.16; 6727; 19683; 1.6005016900402342; 10; [(0, 1), (1, 2), (2, 3), (3, 4), (4, 5), (5, 6), (6, 7), (7, 8), (8, 9), (9, 0)]; 9; []; [(0, 0), (5, 0), (1, 1), (2, 2), (3, 3), (4, 4), (6, 5), (7, 6), (8, 7), (9, 8)]
2; Type 1.3.123; 15; 3; 1.5; 3; [(0, 1), (1, 2), (2, 0)]; 1; []; [(0, 0), (1, 0), (2, 0)]
2; Type 1.4.123; 35; 9; 1.8692307692307693; 4; [(0, 1), (1, 2), (2, 3), (3, 0)]; 2; []; [(0, 0), (1, 0), (2, 0), (3, 1)]
2; Type 1.5.123; 83; 27; 1.9057071960297765; 5; [(0, 1), (1, 2), (2, 3), (3, 4), (4, 0)]; 3; []; [(0, 0), (1, 0), (2, 0), (3, 1), (4, 2)]
2; Type 1.5.124; 83; 27; 2.0511921458625526; 5; [(0, 1), (1, 2), (2, 3), (3, 4), (4, 0)]; 3; []; [(0, 0), (1, 0), (3, 0), (2, 1), (4, 2)]
2; Type 1.6.123; 199; 81; 1.923657718120805; 6; [(0, 1), (1, 2), (2, 3), (3, 4), (4, 5), (5, 0)]; 4; []; [(0, 0), (1, 0), (2, 0), (3, 1), (4, 2), (5, 3)]
2; Type 1.6.124; 199; 81; 2.150509569972657; 6; [(0, 1), (1, 2), (2, 3), (3, 4), (4, 5), (5, 0)]; 4; []; [(0, 0), (1, 0), (3, 0), (2, 1), (4, 2), (5, 3)]
2; Type 1.6.135; 199; 81; 2.150509569972657; 6; [(0, 1), (1, 2), (2, 3), (3, 4), (4, 5), (5, 0)]; 4; []; [(0, 0), (2, 0), (4, 0), (1, 1), (3, 2), (5, 3)]
2; Type 1.7.123; 479; 243; 1.9304335404613964; 7; [(0, 1), (1, 2), (2, 3), (3, 4), (4, 5), (5, 6), (6, 0)]; 5; []; [(0, 0), (1, 0), (2, 0), (3, 1), (4, 2), (5, 3), (6, 4)]
2; Type 1.7.124; 479; 243; 2.1898253114810746; 7; [(0, 1), (1, 2), (2, 3), (3, 4), (4, 5), (5, 6), (6, 0)]; 5; []; [(0, 0), (1, 0), (3, 0), (2, 1), (4, 2), (5, 3), (6, 4)]
2; Type 1.7.125; 479; 243; 2.15979570990807; 7; [(0, 1), (1, 2), (2, 3), (3, 4), (4, 5), (5, 6), (6, 0)]; 5; []; [(0, 0), (1, 0), (4, 0), (2, 1), (3, 2), (5, 3), (6, 4)]
2; Type 1.7.135; 479; 243; 2.235299278398; 7; [(0, 1), (1, 2), (2, 3), (3, 4), (4, 5), (5, 6), (6, 0)]; 5; []; [(0, 0), (2, 0), (4, 0), (1, 1), (3, 2), (5, 3), (6, 4)]
2; Type 1.8.123; 1155; 729; 1.933324779745103; 8; [(0, 1), (1, 2), (2, 3), (3, 4), (4, 5), (5, 6), (6, 7), (7, 0)]; 6; []; [(0, 0), (1, 0), (2, 0), (3, 1), (4, 2), (5, 3), (6, 4), (7, 5)]
2; Type 1.8.124; 1155; 729; 2.206920956567086; 8; [(0, 1), (1, 2), (2, 3), (3, 4), (4, 5), (5, 6), (6, 7), (7, 0)]; 6; []; [(0, 0), (1, 0), (3, 0), (2, 1), (4, 2), (5, 3), (6, 4), (7, 5)]
2; Type 1.8.125; 1155; 729; 2.1951171683498387; 8; [(0, 1), (1, 2), (2, 3), (3, 4), (4, 5), (5, 6), (6, 7), (7, 0)]; 6; []; [(0, 0), (1, 0), (4, 0), (2, 1), (3, 2), (5, 3), (6, 4), (7, 5)]
2; Type 1.8.135; 1155; 729; 2.2642214659049476; 8; [(0, 1), (1, 2), (2, 3), (3, 4), (4, 5), (5, 6), (6, 7), (7, 0)]; 6; []; [(0, 0), (2, 0), (4, 0), (1, 1), (3, 2), (5, 3), (6, 4), (7, 5)]
2; Type 1.8.136; 1155; 729; 2.315400835734202; 8; [(0, 1), (1, 2), (2, 3), (3, 4), (4, 5), (5, 6), (6, 7), (7, 0)]; 6; []; [(0, 0), (2, 0), (5, 0), (1, 1), (3, 2), (4, 3), (6, 4), (7, 5)]
2; Type 1.9.123; 2787; 2187; 1.9350135836673203; 9; [(0, 1), (1, 2), (2, 3), (3, 4), (4, 5), (5, 6), (6, 7), (7, 8), (8, 0)]; 7; []; [(0, 0), (1, 0), (2, 0), (3, 1), (4, 2), (5, 3), (6, 4), (7, 5), (8, 6)]
2; Type 1.9.124; 2787; 2187; 2.2139447743125604; 9; [(0, 1), (1, 2), (2, 3), (3, 4), (4, 5), (5, 6), (6, 7), (7, 8), (8, 0)]; 7; []; [(0, 0), (1, 0), (3, 0), (2, 1), (4, 2), (5, 3), (6, 4), (7, 5), (8, 6)]
2; Type 1.9.125; 2787; 2187; 2.209698118990154; 9; [(0, 1), (1, 2), (2, 3), (3, 4), (4, 5), (5, 6), (6, 7), (7, 8), (8, 0)]; 7; []; [(0, 0), (1, 0), (4, 0), (2, 1), (3, 2), (5, 3), (6, 4), (7, 5), (8, 6)]
2; Type 1.9.126; 2787; 2187; 2.2077759118440667; 9; [(0, 1), (1, 2), (2, 3), (3, 4), (4, 5), (5, 6), (6, 7), (7, 8), (8, 0)]; 7; []; [(0, 0), (1, 0), (5, 0), (2, 1), (3, 2), (4, 3), (6, 4), (7, 5), (8, 6)]
2; Type 1.9.135; 2787; 2187; 2.2776304335019866; 9; [(0, 1), (1, 2), (2, 3), (3, 4), (4, 5), (5, 6), (6, 7), (7, 8), (8, 0)]; 7; []; [(0, 0), (2, 0), (4, 0), (1, 1), (3, 2), (5, 3), (6, 4), (7, 5), (8, 6)]
2; Type 1.9.136; 2787; 2187; 2.342015717302397; 9; [(0, 1), (1, 2), (2, 3), (3, 4), (4, 5), (5, 6), (6, 7), (7, 8), (8, 0)]; 7; []; [(0, 0), (2, 0), (5, 0), (1, 1), (3, 2), (4, 3), (6, 4), (7, 5), (8, 6)]
2; Type 1.9.147; 2787; 2187; 2.334910240202275; 9; [(0, 1), (1, 2), (2, 3), (3, 4), (4, 5), (5, 6), (6, 7), (7, 8), (8, 0)]; 7; []; [(0, 0), (3, 0), (6, 0), (1, 1), (2, 2), (4, 3), (5, 4), (7, 5), (8, 6)]
2; Type 1.10.123; 6727; 6561; 1.9364942803428615; 10; [(0, 1), (1, 2), (2, 3), (3, 4), (4, 5), (5, 6), (6, 7), (7, 8), (8, 9), (9, 0)]; 8; []; [(0, 0), (1, 0), (2, 0), (3, 1), (4, 2), (5, 3), (6, 4), (7, 5), (8, 6), (9, 7)]
2; Type 1.10.124; 6727; 6561; 2.216878614115579; 10; [(0, 1), (1, 2), (2, 3), (3, 4), (4, 5), (5, 6), (6, 7), (7, 8), (8, 9), (9, 0)]; 8; []; [(0, 0), (1, 0), (3, 0), (2, 1), (4, 2), (5, 3), (6, 4), (7, 5), (8, 6), (9, 7)]
2; Type 1.10.125; 6727; 6561; 2.215780828866899; 10; [(0, 1), (1, 2), (2, 3), (3, 4), (4, 5), (5, 6), (6, 7), (7, 8), (8, 9), (9, 0)]; 8; []; [(0, 0), (1, 0), (4, 0), (2, 1), (3, 2), (5, 3), (6, 4), (7, 5), (8, 6), (9, 7)]
2; Type 1.10.126; 6727; 6561; 2.2227407874583296; 10; [(0, 1), (1, 2), (2, 3), (3, 4), (4, 5), (5, 6), (6, 7), (7, 8), (8, 9), (9, 0)]; 8; []; [(0, 0), (1, 0), (5, 0), (2, 1), (3, 2), (4, 3), (6, 4), (7, 5), (8, 6), (9, 7)]
2; Type 1.10.135; 6727; 6561; 2.2829925674603935; 10; [(0, 1), (1, 2), (2, 3), (3, 4), (4, 5), (5, 6), (6, 7), (7, 8), (8, 9), (9, 0)]; 8; []; [(0, 0), (2, 0), (4, 0), (1, 1), (3, 2), (5, 3), (6, 4), (7, 5), (8, 6), (9, 7)]
2; Type 1.10.136; 6727; 6561; 2.3545008972672203; 10; [(0, 1), (1, 2), (2, 3), (3, 4), (4, 5), (5, 6), (6, 7), (7, 8), (8, 9), (9, 0)]; 8; []; [(0, 0), (2, 0), (5, 0), (1, 1), (3, 2), (4, 3), (6, 4), (7, 5), (8, 6), (9, 7)]
2; Type 1.10.137; 6727; 6561; 2.3672411850199513; 10; [(0, 1), (1, 2), (2, 3), (3, 4), (4, 5), (5, 6), (6, 7), (7, 8), (8, 9), (9, 0)]; 8; []; [(0, 0), (2, 0), (6, 0), (1, 1), (3, 2), (4, 3), (5, 4), (7, 5), (8, 6), (9, 7)]
2; Type 1.10.147; 6727; 6561; 2.3632048037233577; 10; [(0, 1), (1, 2), (2, 3), (3, 4), (4, 5), (5, 6), (6, 7), (7, 8), (8, 9), (9, 0)]; 8; []; [(0, 0), (3, 0), (6, 0), (1, 1), (2, 2), (4, 3), (5, 4), (7, 5), (8, 6), (9, 7)]
2; Type 2.1; 1393; 59049; 0.7065989847715741; 8; [(0, 1), (1, 2), (2, 3), (3, 4), (4, 5), (5, 6), (6, 7)]; 10; []; [(0, 0), (7, 9), (0, 1), (1, 2), (2, 3), (3, 4), (4, 5), (5, 6), (6, 7), (7, 8)]
2; Type 2.2; 1393; 59049; 0.7823331424222699; 8; [(0, 1), (1, 2), (2, 3), (3, 4), (4, 5), (5, 6), (6, 7)]; 10; []; [(0, 0), (7, 9), (0, 1), (1, 2), (2, 3), (3, 4), (4, 5), (5, 6), (6, 7), (7, 8)]
2; Type 2.3; 1393; 59049; 0.7920463960231992; 8; [(0, 1), (1, 2), (2, 3), (3, 4), (4, 5), (5, 6), (6, 7)]; 10; []; [(0, 0), (7, 9), (0, 1), (1, 2), (2, 3), (3, 4), (4, 5), (5, 6), (6, 7), (7, 8)]
2; Type 2.4; 1393; 59049; 0.7975914775358968; 8; [(0, 1), (1, 2), (2, 3), (3, 4), (4, 5), (5, 6), (6, 7)]; 10; []; [(0, 0), (7, 9), (0, 1), (1, 2), (2, 3), (3, 4), (4, 5), (5, 6), (6, 7), (7, 8)]
2; Type 2.12; 1393; 19683; 1.4124813377127508; 8; [(0, 1), (1, 2), (2, 3), (3, 4), (4, 5), (5, 6), (6, 7)]; 9; []; [(0, 0), (7, 8), (0, 1), (1, 1), (2, 2), (3, 3), (4, 4), (5, 5), (6, 6), (7, 7)]
2; Type 2.13; 1393; 19683; 1.4117647058823533; 8; [(0, 1), (1, 2), (2, 3), (3, 4), (4, 5), (5, 6), (6, 7)]; 9; []; [(0, 0), (7, 8), (0, 1), (2, 1), (1, 2), (3, 3), (4, 4), (5, 5), (6, 6), (7, 7)]
2; Type 2.14; 1393; 19683; 1.4777713065424196; 8; [(0, 1), (1, 2), (2, 3), (3, 4), (4, 5), (5, 6), (6, 7)]; 9; []; [(0, 0), (7, 8), (0, 1), (3, 1), (1, 2), (2, 3), (4, 4), (5, 5), (6, 6), (7, 7)]
2; Type 2.15; 1393; 19683; 1.4917647058823533; 8; [(0, 1), (1, 2), (2, 3), (3, 4), (4, 5), (5, 6), (6, 7)]; 9; []; [(0, 0), (7, 8), (0, 1), (4, 1), (1, 2), (2, 3), (3, 4), (5, 5), (6, 6), (7, 7)]
2; Type 2.16; 1393; 19683; 1.4939564867042714; 8; [(0, 1), (1, 2), (2, 3), (3, 4), (4, 5), (5, 6), (6, 7)]; 9; []; [(0, 0), (7, 8), (0, 1), (5, 1), (1, 2), (2, 3), (3, 4), (4, 5), (6, 6), (7, 7)]
2; Type 2.17; 1393; 19683; 1.4863915715539955; 8; [(0, 1), (1, 2), (2, 3), (3, 4), (4, 5), (5, 6), (6, 7)]; 9; []; [(0, 0), (7, 8), (0, 1), (6, 1), (1, 2), (2, 3), (3, 4), (4, 5), (5, 6), (7, 7)]
2; Type 2.18; 1393; 19683; 1.4124813377127508; 8; [(0, 1), (1, 2), (2, 3), (3, 4), (4, 5), (5, 6), (6, 7)]; 9; []; [(0, 0), (7, 8), (0, 1), (7, 1), (1, 2), (2, 3), (3, 4), (4, 5), (5, 6), (6, 7)]
2; Type 2.23; 1393; 19683; 1.4117647058823533; 8; [(0, 1), (1, 2), (2, 3), (3, 4), (4, 5), (5, 6), (6, 7)]; 9; []; [(0, 0), (7, 8), (1, 2), (2, 2), (0, 1), (3, 3), (4, 4), (5, 5), (6, 6), (7, 7)]
2; Type 2.24; 1393; 19683; 1.4737148289512891; 8; [(0, 1), (1, 2), (2, 3), (3, 4), (4, 5), (5, 6), (6, 7)]; 9; []; [(0, 0), (7, 8), (1, 2), (3, 2), (0, 1), (2, 3), (4, 4), (5, 5), (6, 6), (7, 7)]
2; Type 2.25; 1393; 19683; 1.541176470588236; 8; [(0, 1), (1, 2), (2, 3), (3, 4), (4, 5), (5, 6), (6, 7)]; 9; []; [(0, 0), (7, 8), (1, 2), (4, 2), (0, 1), (2, 3), (3, 4), (5, 5), (6, 6), (7, 7)]
2; Type 2.26; 1393; 19683; 1.5576613624173081; 8; [(0, 1), (1, 2), (2, 3), (3, 4), (4, 5), (5, 6), (6, 7)]; 9; []; [(0, 0), (7, 8), (1, 2), (5, 2), (0, 1), (2, 3), (3, 4), (4, 5), (6, 6), (7, 7)]
2; Type 2.27; 1393; 19683; 1.5579441078757092; 8; [(0, 1), (1, 2), (2, 3), (3, 4), (4, 5), (5, 6), (6, 7)]; 9; []; [(0, 0), (7, 8), (1, 2), (6, 2), (0, 1), (2, 3), (3, 4), (4, 5), (5, 6), (7, 7)]
2; Type 2.34; 1393; 19683; 1.4117647058823533; 8; [(0, 1), (1, 2), (2, 3), (3, 4), (4, 5), (5, 6), (6, 7)]; 9; []; [(0, 0), (7, 8), (2, 3), (3, 3), (0, 1), (1, 2), (4, 4), (5, 5), (6, 6), (7, 7)]
2; Type 2.35; 1393; 19683; 1.5405776461789094; 8; [(0, 1), (1, 2), (2, 3), (3, 4), (4, 5), (5, 6), (6, 7)]; 9; []; [(0, 0), (7, 8), (2, 3), (4, 3), (0, 1), (1, 2), (3, 4), (5, 5), (6, 6), (7, 7)]
2; Type 2.36; 1393; 19683; 1.5447286948020214; 8; [(0, 1), (1, 2), (2, 3), (3, 4), (4, 5), (5, 6), (6, 7)]; 9; []; [(0, 0), (7, 8), (2, 3), (5, 3), (0, 1), (1, 2), (3, 4), (4, 5), (6, 6), (7, 7)]
2; Type 2.45; 1393; 19683; 1.4176386913229022; 8; [(0, 1), (1, 2), (2, 3), (3, 4), (4, 5), (5, 6), (6, 7)]; 9; []; [(0, 0), (7, 8), (3, 4), (4, 4), (0, 1), (1, 2), (2, 3), (5, 5), (6, 6), (7, 7)]
2; Type 2.123; 1393; 6561; 1.9117647058823533; 8; [(0, 1), (1, 2), (2, 3), (3, 4), (4, 5), (5, 6), (6, 7)]; 8; []; [(0, 0), (7, 7), (0, 1), (1, 1), (2, 1), (3, 2), (4, 3), (5, 4), (6, 5), (7, 6)]
2; Type 2.124; 1393; 6561; 2.0650980392156875; 8; [(0, 1), (1, 2), (2, 3), (3, 4), (4, 5), (5, 6), (6, 7)]; 8; []; [(0, 0), (7, 7), (0, 1), (1, 1), (3, 1), (2, 2), (4, 3), (5, 4), (6, 5), (7, 6)]
2; Type 2.125; 1393; 6561; 2.1525054466230937; 8; [(0, 1), (1, 2), (2, 3), (3, 4), (4, 5), (5, 6), (6, 7)]; 8; []; [(0, 0), (7, 7), (0, 1), (1, 1), (4, 1), (2, 2), (3, 3), (5, 4), (6, 5), (7, 6)]
2; Type 2.126; 1393; 6561; 2.1809954751131233; 8; [(0, 1), (1, 2), (2, 3), (3, 4), (4, 5), (5, 6), (6, 7)]; 8; []; [(0, 0), (7, 7), (0, 1), (1, 1), (5, 1), (2, 2), (3, 3), (4, 4), (6, 5), (7, 6)]
2; Type 2.127; 1393; 6561; 2.185448916408669; 8; [(0, 1), (1, 2), (2, 3), (3, 4), (4, 5), (5, 6), (6, 7)]; 8; []; [(0, 0), (7, 7), (0, 1), (1, 1), (6, 1), (2, 2), (3, 3), (4, 4), (5, 5), (7, 6)]
2; Type 2.128; 1393; 6561; 2.1159067177166726; 8; [(0, 1), (1, 2), (2, 3), (3, 4), (4, 5), (5, 6), (6, 7)]; 8; []; [(0, 0), (7, 7), (0, 1), (1, 1), (7, 1), (2, 2), (3, 3), (4, 4), (5, 5), (6, 6)]
2; Type 2.134; 1393; 6561; 2.011764705882353; 8; [(0, 1), (1, 2), (2, 3), (3, 4), (4, 5), (5, 6), (6, 7)]; 8; []; [(0, 0), (7, 7), (0, 1), (2, 1), (3, 1), (1, 2), (4, 3), (5, 4), (6, 5), (7, 6)]
2; Type 2.135; 1393; 6561; 2.1387646692143; 8; [(0, 1), (1, 2), (2, 3), (3, 4), (4, 5), (5, 6), (6, 7)]; 8; []; [(0, 0), (7, 7), (0, 1), (2, 1), (4, 1), (1, 2), (3, 3), (5, 4), (6, 5), (7, 6)]
2; Type 2.136; 1393; 6561; 2.1617647058823533; 8; [(0, 1), (1, 2), (2, 3), (3, 4), (4, 5), (5, 6), (6, 7)]; 8; []; [(0, 0), (7, 7), (0, 1), (2, 1), (5, 1), (1, 2), (3, 3), (4, 4), (6, 5), (7, 6)]
2; Type 2.137; 1393; 6561; 2.1764705882352953; 8; [(0, 1), (1, 2), (2, 3), (3, 4), (4, 5), (5, 6), (6, 7)]; 8; []; [(0, 0), (7, 7), (0, 1), (2, 1), (6, 1), (1, 2), (3, 3), (4, 4), (5, 5), (7, 6)]
2; Type 2.138; 1393; 6561; 2.1134221644458897; 8; [(0, 1), (1, 2), (2, 3), (3, 4), (4, 5), (5, 6), (6, 7)]; 8; []; [(0, 0), (7, 7), (0, 1), (2, 1), (7, 1), (1, 2), (3, 3), (4, 4), (5, 5), (6, 6)]
2; Type 2.145; 1393; 6561; 2.0856548856548853; 8; [(0, 1), (1, 2), (2, 3), (3, 4), (4, 5), (5, 6), (6, 7)]; 8; []; [(0, 0), (7, 7), (0, 1), (3, 1), (4, 1), (1, 2), (2, 3), (5, 4), (6, 5), (7, 6)]
2; Type 2.146; 1393; 6561; 2.212073582084363; 8; [(0, 1), (1, 2), (2, 3), (3, 4), (4, 5), (5, 6), (6, 7)]; 8; []; [(0, 0), (7, 7), (0, 1), (3, 1), (5, 1), (1, 2), (2, 3), (4, 4), (6, 5), (7, 6)]
2; Type 2.147; 1393; 6561; 2.2196464792813684; 8; [(0, 1), (1, 2), (2, 3), (3, 4), (4, 5), (5, 6), (6, 7)]; 8; []; [(0, 0), (7, 7), (0, 1), (3, 1), (6, 1), (1, 2), (2, 3), (4, 4), (5, 5), (7, 6)]
2; Type 2.148; 1393; 6561; 2.171541242195202; 8; [(0, 1), (1, 2), (2, 3), (3, 4), (4, 5), (5, 6), (6, 7)]; 8; []; [(0, 0), (7, 7), (0, 1), (3, 1), (7, 1), (1, 2), (2, 3), (4, 4), (5, 5), (6, 6)]
2; Type 2.156; 1393; 6561; 2.101419878296147; 8; [(0, 1), (1, 2), (2, 3), (3, 4), (4, 5), (5, 6), (6, 7)]; 8; []; [(0, 0), (7, 7), (0, 1), (4, 1), (5, 1), (1, 2), (2, 3), (3, 4), (6, 5), (7, 6)]
2; Type 2.157; 1393; 6561; 2.164147821290679; 8; [(0, 1), (1, 2), (2, 3), (3, 4), (4, 5), (5, 6), (6, 7)]; 8; []; [(0, 0), (7, 7), (0, 1), (4, 1), (6, 1), (1, 2), (2, 3), (3, 4), (5, 5), (7, 6)]
2; Type 2.158; 1393; 6561; 2.171541242195202; 8; [(0, 1), (1, 2), (2, 3), (3, 4), (4, 5), (5, 6), (6, 7)]; 8; []; [(0, 0), (7, 7), (0, 1), (4, 1), (7, 1), (1, 2), (2, 3), (3, 4), (5, 5), (6, 6)]
2; Type 2.167; 1393; 6561; 2.1117647058823534; 8; [(0, 1), (1, 2), (2, 3), (3, 4), (4, 5), (5, 6), (6, 7)]; 8; []; [(0, 0), (7, 7), (0, 1), (5, 1), (6, 1), (1, 2), (2, 3), (3, 4), (4, 5), (7, 6)]
2; Type 2.168; 1393; 6561; 2.1134221644458897; 8; [(0, 1), (1, 2), (2, 3), (3, 4), (4, 5), (5, 6), (6, 7)]; 8; []; [(0, 0), (7, 7), (0, 1), (5, 1), (7, 1), (1, 2), (2, 3), (3, 4), (4, 5), (6, 6)]
2; Type 2.178; 1393; 6561; 2.1159067177166726; 8; [(0, 1), (1, 2), (2, 3), (3, 4), (4, 5), (5, 6), (6, 7)]; 8; []; [(0, 0), (7, 7), (0, 1), (6, 1), (7, 1), (1, 2), (2, 3), (3, 4), (4, 5), (5, 6)]
2; Type 2.234; 1393; 6561; 1.9117647058823533; 8; [(0, 1), (1, 2), (2, 3), (3, 4), (4, 5), (5, 6), (6, 7)]; 8; []; [(0, 0), (7, 7), (1, 2), (2, 2), (3, 2), (0, 1), (4, 3), (5, 4), (6, 5), (7, 6)]
2; Type 2.235; 1393; 6561; 2.138220451527225; 8; [(0, 1), (1, 2), (2, 3), (3, 4), (4, 5), (5, 6), (6, 7)]; 8; []; [(0, 0), (7, 7), (1, 2), (2, 2), (4, 2), (0, 1), (3, 3), (5, 4), (6, 5), (7, 6)]
2; Type 2.236; 1393; 6561; 2.1501532852763283; 8; [(0, 1), (1, 2), (2, 3), (3, 4), (4, 5), (5, 6), (6, 7)]; 8; []; [(0, 0), (7, 7), (1, 2), (2, 2), (5, 2), (0, 1), (3, 3), (4, 4), (6, 5), (7, 6)]
2; Type 2.237; 1393; 6561; 2.1712583767684297; 8; [(0, 1), (1, 2), (2, 3), (3, 4), (4, 5), (5, 6), (6, 7)]; 8; []; [(0, 0), (7, 7), (1, 2), (2, 2), (6, 2), (0, 1), (3, 3), (4, 4), (5, 5), (7, 6)]
2; Type 2.245; 1393; 6561; 2.0856548856548853; 8; [(0, 1), (1, 2), (2, 3), (3, 4), (4, 5), (5, 6), (6, 7)]; 8; []; [(0, 0), (7, 7), (1, 2), (3, 2), (4, 2), (0, 1), (2, 3), (5, 4), (6, 5), (7, 6)]
2; Type 2.246; 1393; 6561; 2.2032837967401733; 8; [(0, 1), (1, 2), (2, 3), (3, 4), (4, 5), (5, 6), (6, 7)]; 8; []; [(0, 0), (7, 7), (1, 2), (3, 2), (5, 2), (0, 1), (2, 3), (4, 4), (6, 5), (7, 6)]
2; Type 2.247; 1393; 6561; 2.213513513513514; 8; [(0, 1), (1, 2), (2, 3), (3, 4), (4, 5), (5, 6), (6, 7)]; 8; []; [(0, 0), (7, 7), (1, 2), (3, 2), (6, 2), (0, 1), (2, 3), (4, 4), (5, 5), (7, 6)]
2; Type 2.256; 1393; 6561; 2.1390374331550808; 8; [(0, 1), (1, 2), (2, 3), (3, 4), (4, 5), (5, 6), (6, 7)]; 8; []; [(0, 0), (7, 7), (1, 2), (4, 2), (5, 2), (0, 1), (2, 3), (3, 4), (6, 5), (7, 6)]
2; Type 2.257; 1393; 6561; 2.213513513513514; 8; [(0, 1), (1, 2), (2, 3), (3, 4), (4, 5), (5, 6), (6, 7)]; 8; []; [(0, 0), (7, 7), (1, 2), (4, 2), (6, 2), (0, 1), (2, 3), (3, 4), (5, 5), (7, 6)]
2; Type 2.267; 1393; 6561; 2.1712583767684297; 8; [(0, 1), (1, 2), (2, 3), (3, 4), (4, 5), (5, 6), (6, 7)]; 8; []; [(0, 0), (7, 7), (1, 2), (5, 2), (6, 2), (0, 1), (2, 3), (3, 4), (4, 5), (7, 6)]
2; Type 2.345; 1393; 6561; 1.9176386913229022; 8; [(0, 1), (1, 2), (2, 3), (3, 4), (4, 5), (5, 6), (6, 7)]; 8; []; [(0, 0), (7, 7), (2, 3), (3, 3), (4, 3), (0, 1), (1, 2), (5, 4), (6, 5), (7, 6)]
2; Type 2.346; 1393; 6561; 2.1485602944360256; 8; [(0, 1), (1, 2), (2, 3), (3, 4), (4, 5), (5, 6), (6, 7)]; 8; []; [(0, 0), (7, 7), (2, 3), (3, 3), (5, 3), (0, 1), (1, 2), (4, 4), (6, 5), (7, 6)]
2; Type 2.356; 1393; 6561; 2.1485602944360256; 8; [(0, 1), (1, 2), (2, 3), (3, 4), (4, 5), (5, 6), (6, 7)]; 8; []; [(0, 0), (7, 7), (2, 3), (4, 3), (5, 3), (0, 1), (1, 2), (3, 4), (6, 5), (7, 6)]
3; Type 1.3.1; 22; 64; 1.6; 3; [(0, 1), (1, 2), (2, 0)]; 3; []; [(0, 0), (1, 1), (2, 2)]
3; Type 1.4.1; 54; 256; 1.7894736842105265; 4; [(0, 1), (1, 2), (2, 3), (3, 0)]; 4; []; [(0, 0), (1, 1), (2, 2), (3, 3)]
3; Type 1.5.1; 134; 1024; 1.804347826086957; 5; [(0, 1), (1, 2), (2, 3), (3, 4), (4, 0)]; 5; []; [(0, 0), (1, 1), (2, 2), (3, 3), (4, 4)]
3; Type 1.6.1; 340; 4096; 1.831904761904763; 6; [(0, 1), (1, 2), (2, 3), (3, 4), (4, 5), (5, 0)]; 6; []; [(0, 0), (1, 1), (2, 2), (3, 3), (4, 4), (5, 5)]
3; Type 1.7.1; 872; 16384; 1.84009587399418; 7; [(0, 1), (1, 2), (2, 3), (3, 4), (4, 5), (5, 6), (6, 0)]; 7; []; [(0, 0), (1, 1), (2, 2), (3, 3), (4, 4), (5, 5), (6, 6)]
3; Type 1.8.1; 2254; 65536; 1.8457524091919941; 8; [(0, 1), (1, 2), (2, 3), (3, 4), (4, 5), (5, 6), (6, 7), (7, 0)]; 8; []; [(0, 0), (1, 1), (2, 2), (3, 3), (4, 4), (5, 5), (6, 6), (7, 7)]
3; Type 1.9.1; 5854; 262144; 1.8477920523092504; 9; [(0, 1), (1, 2), (2, 3), (3, 4), (4, 5), (5, 6), (6, 7), (7, 8), (8, 0)]; 9; []; [(0, 0), (1, 1), (2, 2), (3, 3), (4, 4), (5, 5), (6, 6), (7, 7), (8, 8)]
3; Type 1.10.1; 15250; 1048576; 1.8487060738004146; 10; [(0, 1), (1, 2), (2, 3), (3, 4), (4, 5), (5, 6), (6, 7), (7, 8), (8, 9), (9, 0)]; 10; []; [(0, 0), (1, 1), (2, 2), (3, 3), (4, 4), (5, 5), (6, 6), (7, 7), (8, 8), (9, 9)]
3; Type 1.3.12; 22; 16; 2.0; 3; [(0, 1), (1, 2), (2, 0)]; 2; []; [(0, 0), (1, 0), (2, 1)]
3; Type 1.4.12; 54; 64; 2.1428571428571432; 4; [(0, 1), (1, 2), (2, 3), (3, 0)]; 3; []; [(0, 0), (1, 0), (2, 1), (3, 2)]
3; Type 1.4.13; 54; 64; 2.0; 4; [(0, 1), (1, 2), (2, 3), (3, 0)]; 3; []; [(0, 0), (2, 0), (1, 1), (3, 2)]
3; Type 1.5.12; 134; 256; 2.546153846153847; 5; [(0, 1), (1, 2), (2, 3), (3, 4), (4, 0)]; 4; []; [(0, 0), (1, 0), (2, 1), (3, 2), (4, 3)]
3; Type 1.5.13; 134; 256; 2.615384615384615; 5; [(0, 1), (1, 2), (2, 3), (3, 4), (4, 0)]; 4; []; [(0, 0), (2, 0), (1, 1), (3, 2), (4, 3)]
3; Type 1.6.12; 340; 1024; 2.577464788732394; 6; [(0, 1), (1, 2), (2, 3), (3, 4), (4, 5), (5, 0)]; 5; []; [(0, 0), (1, 0), (2, 1), (3, 2), (4, 3), (5, 4)]
3; Type 1.6.13; 340; 1024; 2.8260869565217392; 6; [(0, 1), (1, 2), (2, 3), (3, 4), (4, 5), (5, 0)]; 5; []; [(0, 0), (2, 0), (1, 1), (3, 2), (4, 3), (5, 4)]
3; Type 1.6.14; 340; 1024; 3.2163265306122453; 6; [(0, 1), (1, 2), (2, 3), (3, 4), (4, 5), (5, 0)]; 5; []; [(0, 0), (3, 0), (1, 1), (2, 2), (4, 3), (5, 4)]
3; Type 1.7.12; 872; 4096; 2.624361883153716; 7; [(0, 1), (1, 2), (2, 3), (3, 4), (4, 5), (5, 6), (6, 0)]; 6; []; [(0, 0), (1, 0), (2, 1), (3, 2), (4, 3), (5, 4), (6, 5)]
3; Type 1.7.13; 872; 4096; 2.81858407079646; 7; [(0, 1), (1, 2), (2, 3), (3, 4), (4, 5), (5, 6), (6, 0)]; 6; []; [(0, 0), (2, 0), (1, 1), (3, 2), (4, 3), (5, 4), (6, 5)]
3; Type 1.7.14; 872; 4096; 3.324534161490684; 7; [(0, 1), (1, 2), (2, 3), (3, 4), (4, 5), (5, 6), (6, 0)]; 6; []; [(0, 0), (3, 0), (1, 1), (2, 2), (4, 3), (5, 4), (6, 5)]
3; Type 1.8.12; 2254; 16384; 2.635010918693819; 8; [(0, 1), (1, 2), (2, 3), (3, 4), (4, 5), (5, 6), (6, 7), (7, 0)]; 7; []; [(0, 0), (1, 0), (2, 1), (3, 2), (4, 3), (5, 4), (6, 5), (7, 6)]
3; Type 1.8.13; 2254; 16384; 2.8564847077042206; 8; [(0, 1), (1, 2), (2, 3), (3, 4), (4, 5), (5, 6), (6, 7), (7, 0)]; 7; []; [(0, 0), (2, 0), (1, 1), (3, 2), (4, 3), (5, 4), (6, 5), (7, 6)]
3; Type 1.8.14; 2254; 16384; 3.4038277511961725; 8; [(0, 1), (1, 2), (2, 3), (3, 4), (4, 5), (5, 6), (6, 7), (7, 0)]; 7; []; [(0, 0), (3, 0), (1, 1), (2, 2), (4, 3), (5, 4), (6, 5), (7, 6)]
3; Type 1.8.15; 2254; 16384; 3.633237822349571; 8; [(0, 1), (1, 2), (2, 3), (3, 4), (4, 5), (5, 6), (6, 7), (7, 0)]; 7; []; [(0, 0), (4, 0), (1, 1), (2, 2), (3, 3), (5, 4), (6, 5), (7, 6)]
3; Type 1.9.12; 5854; 65536; 2.6411965811965814; 9; [(0, 1), (1, 2), (2, 3), (3, 4), (4, 5), (5, 6), (6, 7), (7, 8), (8, 0)]; 8; []; [(0, 0), (1, 0), (2, 1), (3, 2), (4, 3), (5, 4), (6, 5), (7, 6), (8, 7)]
3; Type 1.9.13; 5854; 65536; 2.863504631427146; 9; [(0, 1), (1, 2), (2, 3), (3, 4), (4, 5), (5, 6), (6, 7), (7, 8), (8, 0)]; 8; []; [(0, 0), (2, 0), (1, 1), (3, 2), (4, 3), (5, 4), (6, 5), (7, 6), (8, 7)]
3; Type 1.9.14; 5854; 65536; 3.4263326910725773; 9; [(0, 1), (1, 2), (2, 3), (3, 4), (4, 5), (5, 6), (6, 7), (7, 8), (8, 0)]; 8; []; [(0, 0), (3, 0), (1, 1), (2, 2), (4, 3), (5, 4), (6, 5), (7, 6), (8, 7)]
3; Type 1.9.15; 5854; 65536; 3.6269005847953224; 9; [(0, 1), (1, 2), (2, 3), (3, 4), (4, 5), (5, 6), (6, 7), (7, 8), (8, 0)]; 8; []; [(0, 0), (4, 0), (1, 1), (2, 2), (3, 3), (5, 4), (6, 5), (7, 6), (8, 7)]
3; Type 1.10.12; 15250; 262144; 2.6435528077189225; 10; [(0, 1), (1, 2), (2, 3), (3, 4), (4, 5), (5, 6), (6, 7), (7, 8), (8, 9), (9, 0)]; 9; []; [(0, 0), (1, 0), (2, 1), (3, 2), (4, 3), (5, 4), (6, 5), (7, 6), (8, 7), (9, 8)]
3; Type 1.10.13; 15250; 262144; 2.868845856965468; 10; [(0, 1), (1, 2), (2, 3), (3, 4), (4, 5), (5, 6), (6, 7), (7, 8), (8, 9), (9, 0)]; 9; []; [(0, 0), (2, 0), (1, 1), (3, 2), (4, 3), (5, 4), (6, 5), (7, 6), (8, 7), (9, 8)]
3; Type 1.10.14; 15250; 262144; 3.438075236726725; 10; [(0, 1), (1, 2), (2, 3), (3, 4), (4, 5), (5, 6), (6, 7), (7, 8), (8, 9), (9, 0)]; 9; []; [(0, 0), (3, 0), (1, 1), (2, 2), (4, 3), (5, 4), (6, 5), (7, 6), (8, 7), (9, 8)]
3; Type 1.10.15; 15250; 262144; 3.6512132822477668; 10; [(0, 1), (1, 2), (2, 3), (3, 4), (4, 5), (5, 6), (6, 7), (7, 8), (8, 9), (9, 0)]; 9; []; [(0, 0), (4, 0), (1, 1), (2, 2), (3, 3), (5, 4), (6, 5), (7, 6), (8, 7), (9, 8)]
3; Type 1.10.16; 15250; 262144; 3.620821394460364; 10; [(0, 1), (1, 2), (2, 3), (3, 4), (4, 5), (5, 6), (6, 7), (7, 8), (8, 9), (9, 0)]; 9; []; [(0, 0), (5, 0), (1, 1), (2, 2), (3, 3), (4, 4), (6, 5), (7, 6), (8, 7), (9, 8)]
3; Type 1.3.123; 22; 4; 3.0; 3; [(0, 1), (1, 2), (2, 0)]; 1; []; [(0, 0), (1, 0), (2, 0)]
3; Type 1.4.123; 54; 16; 2.9642857142857144; 4; [(0, 1), (1, 2), (2, 3), (3, 0)]; 2; []; [(0, 0), (1, 0), (2, 0), (3, 1)]
3; Type 1.5.123; 134; 64; 2.966666666666667; 5; [(0, 1), (1, 2), (2, 3), (3, 4), (4, 0)]; 3; []; [(0, 0), (1, 0), (2, 0), (3, 1), (4, 2)]
3; Type 1.5.124; 134; 64; 2.982758620689655; 5; [(0, 1), (1, 2), (2, 3), (3, 4), (4, 0)]; 3; []; [(0, 0), (1, 0), (3, 0), (2, 1), (4, 2)]
3; Type 1.6.123; 340; 256; 3.1101123595505618; 6; [(0, 1), (1, 2), (2, 3), (3, 4), (4, 5), (5, 0)]; 4; []; [(0, 0), (1, 0), (2, 0), (3, 1), (4, 2), (5, 3)]
3; Type 1.6.124; 340; 256; 3.2; 6; [(0, 1), (1, 2), (2, 3), (3, 4), (4, 5), (5, 0)]; 4; []; [(0, 0), (1, 0), (3, 0), (2, 1), (4, 2), (5, 3)]
3; Type 1.6.135; 340; 256; 3.0; 6; [(0, 1), (1, 2), (2, 3), (3, 4), (4, 5), (5, 0)]; 4; []; [(0, 0), (2, 0), (4, 0), (1, 1), (3, 2), (5, 3)]
3; Type 1.7.123; 872; 1024; 3.1645962732919255; 7; [(0, 1), (1, 2), (2, 3), (3, 4), (4, 5), (5, 6), (6, 0)]; 5; []; [(0, 0), (1, 0), (2, 0), (3, 1), (4, 2), (5, 3), (6, 4)]
3; Type 1.7.124; 872; 1024; 3.525963149078727; 7; [(0, 1), (1, 2), (2, 3), (3, 4), (4, 5), (5, 6), (6, 0)]; 5; []; [(0, 0), (1, 0), (3, 0), (2, 1), (4, 2), (5, 3), (6, 4)]
3; Type 1.7.125; 872; 1024; 3.871287128712872; 7; [(0, 1), (1, 2), (2, 3), (3, 4), (4, 5), (5, 6), (6, 0)]; 5; []; [(0, 0), (1, 0), (4, 0), (2, 1), (3, 2), (5, 3), (6, 4)]
3; Type 1.7.135; 872; 1024; 3.617647058823529; 7; [(0, 1), (1, 2), (2, 3), (3, 4), (4, 5), (5, 6), (6, 0)]; 5; []; [(0, 0), (2, 0), (4, 0), (1, 1), (3, 2), (5, 3), (6, 4)]
3; Type 1.8.123; 2254; 4096; 3.194188651070185; 8; [(0, 1), (1, 2), (2, 3), (3, 4), (4, 5), (5, 6), (6, 7), (7, 0)]; 6; []; [(0, 0), (1, 0), (2, 0), (3, 1), (4, 2), (5, 3), (6, 4), (7, 5)]
3; Type 1.8.124; 2254; 4096; 3.535367372353674; 8; [(0, 1), (1, 2), (2, 3), (3, 4), (4, 5), (5, 6), (6, 7), (7, 0)]; 6; []; [(0, 0), (1, 0), (3, 0), (2, 1), (4, 2), (5, 3), (6, 4), (7, 5)]
3; Type 1.8.125; 2254; 4096; 4.042553191489361; 8; [(0, 1), (1, 2), (2, 3), (3, 4), (4, 5), (5, 6), (6, 7), (7, 0)]; 6; []; [(0, 0), (1, 0), (4, 0), (2, 1), (3, 2), (5, 3), (6, 4), (7, 5)]
3; Type 1.8.135; 2254; 4096; 3.8311688311688314; 8; [(0, 1), (1, 2), (2, 3), (3, 4), (4, 5), (5, 6), (6, 7), (7, 0)]; 6; []; [(0, 0), (2, 0), (4, 0), (1, 1), (3, 2), (5, 3), (6, 4), (7, 5)]
3; Type 1.8.136; 2254; 4096; 4.222115384615385; 8; [(0, 1), (1, 2), (2, 3), (3, 4), (4, 5), (5, 6), (6, 7), (7, 0)]; 6; []; [(0, 0), (2, 0), (5, 0), (1, 1), (3, 2), (4, 3), (6, 4), (7, 5)]
3; Type 1.9.123; 5854; 16384; 3.2024337022110405; 9; [(0, 1), (1, 2), (2, 3), (3, 4), (4, 5), (5, 6), (6, 7), (7, 8), (8, 0)]; 7; []; [(0, 0), (1, 0), (2, 0), (3, 1), (4, 2), (5, 3), (6, 4), (7, 5), (8, 6)]
3; Type 1.9.124; 5854; 16384; 3.5780542986425345; 9; [(0, 1), (1, 2), (2, 3), (3, 4), (4, 5), (5, 6), (6, 7), (7, 8), (8, 0)]; 7; []; [(0, 0), (1, 0), (3, 0), (2, 1), (4, 2), (5, 3), (6, 4), (7, 5), (8, 6)]
3; Type 1.9.125; 5854; 16384; 4.1140386162510065; 9; [(0, 1), (1, 2), (2, 3), (3, 4), (4, 5), (5, 6), (6, 7), (7, 8), (8, 0)]; 7; []; [(0, 0), (1, 0), (4, 0), (2, 1), (3, 2), (5, 3), (6, 4), (7, 5), (8, 6)]
3; Type 1.9.126; 5854; 16384; 4.387895164761588; 9; [(0, 1), (1, 2), (2, 3), (3, 4), (4, 5), (5, 6), (6, 7), (7, 8), (8, 0)]; 7; []; [(0, 0), (1, 0), (5, 0), (2, 1), (3, 2), (4, 3), (6, 4), (7, 5), (8, 6)]
3; Type 1.9.135; 5854; 16384; 3.8205804749340366; 9; [(0, 1), (1, 2), (2, 3), (3, 4), (4, 5), (5, 6), (6, 7), (7, 8), (8, 0)]; 7; []; [(0, 0), (2, 0), (4, 0), (1, 1), (3, 2), (5, 3), (6, 4), (7, 5), (8, 6)]
3; Type 1.9.136; 5854; 16384; 4.3322197475872315; 9; [(0, 1), (1, 2), (2, 3), (3, 4), (4, 5), (5, 6), (6, 7), (7, 8), (8, 0)]; 7; []; [(0, 0), (2, 0), (5, 0), (1, 1), (3, 2), (4, 3), (6, 4), (7, 5), (8, 6)]
3; Type 1.9.147; 5854; 16384; 4.846280991735538; 9; [(0, 1), (1, 2), (2, 3), (3, 4), (4, 5), (5, 6), (6, 7), (7, 8), (8, 0)]; 7; []; [(0, 0), (3, 0), (6, 0), (1, 1), (2, 2), (4, 3), (5, 4), (7, 5), (8, 6)]
3; Type 1.10.123; 15250; 65536; 3.2067223662729294; 10; [(0, 1), (1, 2), (2, 3), (3, 4), (4, 5), (5, 6), (6, 7), (7, 8), (8, 9), (9, 0)]; 8; []; [(0, 0), (1, 0), (2, 0), (3, 1), (4, 2), (5, 3), (6, 4), (7, 5), (8, 6), (9, 7)]
3; Type 1.10.124; 15250; 65536; 3.5856954384443007; 10; [(0, 1), (1, 2), (2, 3), (3, 4), (4, 5), (5, 6), (6, 7), (7, 8), (8, 9), (9, 0)]; 8; []; [(0, 0), (1, 0), (3, 0), (2, 1), (4, 2), (5, 3), (6, 4), (7, 5), (8, 6), (9, 7)]
3; Type 1.10.125; 15250; 65536; 4.13917525773196; 10; [(0, 1), (1, 2), (2, 3), (3, 4), (4, 5), (5, 6), (6, 7), (7, 8), (8, 9), (9, 0)]; 8; []; [(0, 0), (1, 0), (4, 0), (2, 1), (3, 2), (5, 3), (6, 4), (7, 5), (8, 6), (9, 7)]
3; Type 1.10.126; 15250; 65536; 4.390973178834779; 10; [(0, 1), (1, 2), (2, 3), (3, 4), (4, 5), (5, 6), (6, 7), (7, 8), (8, 9), (9, 0)]; 8; []; [(0, 0), (1, 0), (5, 0), (2, 1), (3, 2), (4, 3), (6, 4), (7, 5), (8, 6), (9, 7)]
3; Type 1.10.135; 15250; 65536; 3.8595282896060397; 10; [(0, 1), (1, 2), (2, 3), (3, 4), (4, 5), (5, 6), (6, 7), (7, 8), (8, 9), (9, 0)]; 8; []; [(0, 0), (2, 0), (4, 0), (1, 1), (3, 2), (5, 3), (6, 4), (7, 5), (8, 6), (9, 7)]
3; Type 1.10.136; 15250; 65536; 4.408655941485229; 10; [(0, 1), (1, 2), (2, 3), (3, 4), (4, 5), (5, 6), (6, 7), (7, 8), (8, 9), (9, 0)]; 8; []; [(0, 0), (2, 0), (5, 0), (1, 1), (3, 2), (4, 3), (6, 4), (7, 5), (8, 6), (9, 7)]
3; Type 1.10.137; 15250; 65536; 4.6481913652275395; 10; [(0, 1), (1, 2), (2, 3), (3, 4), (4, 5), (5, 6), (6, 7), (7, 8), (8, 9), (9, 0)]; 8; []; [(0, 0), (2, 0), (6, 0), (1, 1), (3, 2), (4, 3), (5, 4), (7, 5), (8, 6), (9, 7)]
3; Type 1.10.147; 15250; 65536; 5.05125203006383; 10; [(0, 1), (1, 2), (2, 3), (3, 4), (4, 5), (5, 6), (6, 7), (7, 8), (8, 9), (9, 0)]; 8; []; [(0, 0), (3, 0), (6, 0), (1, 1), (2, 2), (4, 3), (5, 4), (7, 5), (8, 6), (9, 7)]
3; Type 2.1; 3194; 1048576; 1.1902375045752152; 8; [(0, 1), (1, 2), (2, 3), (3, 4), (4, 5), (5, 6), (6, 7)]; 10; []; [(0, 0), (7, 9), (0, 1), (1, 2), (2, 3), (3, 4), (4, 5), (5, 6), (6, 7), (7, 8)]
3; Type 2.2; 3194; 1048576; 1.7048278594948538; 8; [(0, 1), (1, 2), (2, 3), (3, 4), (4, 5), (5, 6), (6, 7)]; 10; []; [(0, 0), (7, 9), (0, 1), (1, 2), (2, 3), (3, 4), (4, 5), (5, 6), (6, 7), (7, 8)]
3; Type 2.3; 3194; 1048576; 1.8143639683505786; 8; [(0, 1), (1, 2), (2, 3), (3, 4), (4, 5), (5, 6), (6, 7)]; 10; []; [(0, 0), (7, 9), (0, 1), (1, 2), (2, 3), (3, 4), (4, 5), (5, 6), (6, 7), (7, 8)]
3; Type 2.4; 3194; 1048576; 1.8265996307000663; 8; [(0, 1), (1, 2), (2, 3), (3, 4), (4, 5), (5, 6), (6, 7)]; 10; []; [(0, 0), (7, 9), (0, 1), (1, 2), (2, 3), (3, 4), (4, 5), (5, 6), (6, 7), (7, 8)]
3; Type 2.12; 3194; 262144; 1.8340421052631584; 8; [(0, 1), (1, 2), (2, 3), (3, 4), (4, 5), (5, 6), (6, 7)]; 9; []; [(0, 0), (7, 8), (0, 1), (1, 1), (2, 2), (3, 3), (4, 4), (5, 5), (6, 6), (7, 7)]
3; Type 2.13; 3194; 262144; 2.169630642954857; 8; [(0, 1), (1, 2), (2, 3), (3, 4), (4, 5), (5, 6), (6, 7)]; 9; []; [(0, 0), (7, 8), (0, 1), (2, 1), (1, 2), (3, 3), (4, 4), (5, 5), (6, 6), (7, 7)]
3; Type 2.14; 3194; 262144; 2.726797385620916; 8; [(0, 1), (1, 2), (2, 3), (3, 4), (4, 5), (5, 6), (6, 7)]; 9; []; [(0, 0), (7, 8), (0, 1), (3, 1), (1, 2), (2, 3), (4, 4), (5, 5), (6, 6), (7, 7)]
3; Type 2.15; 3194; 262144; 2.971794871794872; 8; [(0, 1), (1, 2), (2, 3), (3, 4), (4, 5), (5, 6), (6, 7)]; 9; []; [(0, 0), (7, 8), (0, 1), (4, 1), (1, 2), (2, 3), (3, 4), (5, 5), (6, 6), (7, 7)]
3; Type 2.16; 3194; 262144; 2.9614341313834185; 8; [(0, 1), (1, 2), (2, 3), (3, 4), (4, 5), (5, 6), (6, 7)]; 9; []; [(0, 0), (7, 8), (0, 1), (5, 1), (1, 2), (2, 3), (3, 4), (4, 5), (6, 6), (7, 7)]
3; Type 2.17; 3194; 262144; 2.8818661971830988; 8; [(0, 1), (1, 2), (2, 3), (3, 4), (4, 5), (5, 6), (6, 7)]; 9; []; [(0, 0), (7, 8), (0, 1), (6, 1), (1, 2), (2, 3), (3, 4), (4, 5), (5, 6), (7, 7)]
3; Type 2.18; 3194; 262144; 2.3743061062648696; 8; [(0, 1), (1, 2), (2, 3), (3, 4), (4, 5), (5, 6), (6, 7)]; 9; []; [(0, 0), (7, 8), (0, 1), (7, 1), (1, 2), (2, 3), (3, 4), (4, 5), (5, 6), (6, 7)]
3; Type 2.23; 3194; 262144; 2.4179894179894177; 8; [(0, 1), (1, 2), (2, 3), (3, 4), (4, 5), (5, 6), (6, 7)]; 9; []; [(0, 0), (7, 8), (1, 2), (2, 2), (0, 1), (3, 3), (4, 4), (5, 5), (6, 6), (7, 7)]
3; Type 2.24; 3194; 262144; 2.7020387616410773; 8; [(0, 1), (1, 2), (2, 3), (3, 4), (4, 5), (5, 6), (6, 7)]; 9; []; [(0, 0), (7, 8), (1, 2), (3, 2), (0, 1), (2, 3), (4, 4), (5, 5), (6, 6), (7, 7)]
3; Type 2.25; 3194; 262144; 3.3410178338408016; 8; [(0, 1), (1, 2), (2, 3), (3, 4), (4, 5), (5, 6), (6, 7)]; 9; []; [(0, 0), (7, 8), (1, 2), (4, 2), (0, 1), (2, 3), (3, 4), (5, 5), (6, 6), (7, 7)]
3; Type 2.26; 3194; 262144; 3.4847264977504135; 8; [(0, 1), (1, 2), (2, 3), (3, 4), (4, 5), (5, 6), (6, 7)]; 9; []; [(0, 0), (7, 8), (1, 2), (5, 2), (0, 1), (2, 3), (3, 4), (4, 5), (6, 6), (7, 7)]
3; Type 2.27; 3194; 262144; 3.3680192848533554; 8; [(0, 1), (1, 2), (2, 3), (3, 4), (4, 5), (5, 6), (6, 7)]; 9; []; [(0, 0), (7, 8), (1, 2), (6, 2), (0, 1), (2, 3), (3, 4), (4, 5), (5, 6), (7, 7)]
3; Type 2.34; 3194; 262144; 2.604026845637584; 8; [(0, 1), (1, 2), (2, 3), (3, 4), (4, 5), (5, 6), (6, 7)]; 9; []; [(0, 0), (7, 8), (2, 3), (3, 3), (0, 1), (1, 2), (4, 4), (5, 5), (6, 6), (7, 7)]
3; Type 2.35; 3194; 262144; 2.822415826018604; 8; [(0, 1), (1, 2), (2, 3), (3, 4), (4, 5), (5, 6), (6, 7)]; 9; []; [(0, 0), (7, 8), (2, 3), (4, 3), (0, 1), (1, 2), (3, 4), (5, 5), (6, 6), (7, 7)]
3; Type 2.36; 3194; 262144; 3.324534161490684; 8; [(0, 1), (1, 2), (2, 3), (3, 4), (4, 5), (5, 6), (6, 7)]; 9; []; [(0, 0), (7, 8), (2, 3), (5, 3), (0, 1), (1, 2), (3, 4), (4, 5), (6, 6), (7, 7)]
3; Type 2.45; 3194; 262144; 2.596933187294633; 8; [(0, 1), (1, 2), (2, 3), (3, 4), (4, 5), (5, 6), (6, 7)]; 9; []; [(0, 0), (7, 8), (3, 4), (4, 4), (0, 1), (1, 2), (2, 3), (5, 5), (6, 6), (7, 7)]
3; Type 2.123; 3194; 65536; 2.470548862115127; 8; [(0, 1), (1, 2), (2, 3), (3, 4), (4, 5), (5, 6), (6, 7)]; 8; []; [(0, 0), (7, 7), (0, 1), (1, 1), (2, 1), (3, 2), (4, 3), (5, 4), (6, 5), (7, 6)]
3; Type 2.124; 3194; 65536; 2.8254757061564995; 8; [(0, 1), (1, 2), (2, 3), (3, 4), (4, 5), (5, 6), (6, 7)]; 8; []; [(0, 0), (7, 7), (0, 1), (1, 1), (3, 1), (2, 2), (4, 3), (5, 4), (6, 5), (7, 6)]
3; Type 2.125; 3194; 65536; 3.3238434163701065; 8; [(0, 1), (1, 2), (2, 3), (3, 4), (4, 5), (5, 6), (6, 7)]; 8; []; [(0, 0), (7, 7), (0, 1), (1, 1), (4, 1), (2, 2), (3, 3), (5, 4), (6, 5), (7, 6)]
3; Type 2.126; 3194; 65536; 3.6031250000000004; 8; [(0, 1), (1, 2), (2, 3), (3, 4), (4, 5), (5, 6), (6, 7)]; 8; []; [(0, 0), (7, 7), (0, 1), (1, 1), (5, 1), (2, 2), (3, 3), (4, 4), (6, 5), (7, 6)]
3; Type 2.127; 3194; 65536; 3.491267353336319; 8; [(0, 1), (1, 2), (2, 3), (3, 4), (4, 5), (5, 6), (6, 7)]; 8; []; [(0, 0), (7, 7), (0, 1), (1, 1), (6, 1), (2, 2), (3, 3), (4, 4), (5, 5), (7, 6)]
3; Type 2.128; 3194; 65536; 3.008457907159716; 8; [(0, 1), (1, 2), (2, 3), (3, 4), (4, 5), (5, 6), (6, 7)]; 8; []; [(0, 0), (7, 7), (0, 1), (1, 1), (7, 1), (2, 2), (3, 3), (4, 4), (5, 5), (6, 6)]
3; Type 2.134; 3194; 65536; 2.8601809954751136; 8; [(0, 1), (1, 2), (2, 3), (3, 4), (4, 5), (5, 6), (6, 7)]; 8; []; [(0, 0), (7, 7), (0, 1), (2, 1), (3, 1), (1, 2), (4, 3), (5, 4), (6, 5), (7, 6)]
3; Type 2.135; 3194; 65536; 3.149484839564323; 8; [(0, 1), (1, 2), (2, 3), (3, 4), (4, 5), (5, 6), (6, 7)]; 8; []; [(0, 0), (7, 7), (0, 1), (2, 1), (4, 1), (1, 2), (3, 3), (5, 4), (6, 5), (7, 6)]
3; Type 2.136; 3194; 65536; 3.7027804410354754; 8; [(0, 1), (1, 2), (2, 3), (3, 4), (4, 5), (5, 6), (6, 7)]; 8; []; [(0, 0), (7, 7), (0, 1), (2, 1), (5, 1), (1, 2), (3, 3), (4, 4), (6, 5), (7, 6)]
3; Type 2.137; 3194; 65536; 3.832265446224257; 8; [(0, 1), (1, 2), (2, 3), (3, 4), (4, 5), (5, 6), (6, 7)]; 8; []; [(0, 0), (7, 7), (0, 1), (2, 1), (6, 1), (1, 2), (3, 3), (4, 4), (5, 5), (7, 6)]
3; Type 2.138; 3194; 65536; 3.308712121212121; 8; [(0, 1), (1, 2), (2, 3), (3, 4), (4, 5), (5, 6), (6, 7)]; 8; []; [(0, 0), (7, 7), (0, 1), (2, 1), (7, 1), (1, 2), (3, 3), (4, 4), (5, 5), (6, 6)]
3; Type 2.145; 3194; 65536; 3.4228739002932542; 8; [(0, 1), (1, 2), (2, 3), (3, 4), (4, 5), (5, 6), (6, 7)]; 8; []; [(0, 0), (7, 7), (0, 1), (3, 1), (4, 1), (1, 2), (2, 3), (5, 4), (6, 5), (7, 6)]
3; Type 2.146; 3194; 65536; 3.704301075268818; 8; [(0, 1), (1, 2), (2, 3), (3, 4), (4, 5), (5, 6), (6, 7)]; 8; []; [(0, 0), (7, 7), (0, 1), (3, 1), (5, 1), (1, 2), (2, 3), (4, 4), (6, 5), (7, 6)]
3; Type 2.147; 3194; 65536; 4.225000000000001; 8; [(0, 1), (1, 2), (2, 3), (3, 4), (4, 5), (5, 6), (6, 7)]; 8; []; [(0, 0), (7, 7), (0, 1), (3, 1), (6, 1), (1, 2), (2, 3), (4, 4), (5, 5), (7, 6)]
3; Type 2.148; 3194; 65536; 3.8652751423149905; 8; [(0, 1), (1, 2), (2, 3), (3, 4), (4, 5), (5, 6), (6, 7)]; 8; []; [(0, 0), (7, 7), (0, 1), (3, 1), (7, 1), (1, 2), (2, 3), (4, 4), (5, 5), (6, 6)]
3; Type 2.156; 3194; 65536; 3.7213675213675206; 8; [(0, 1), (1, 2), (2, 3), (3, 4), (4, 5), (5, 6), (6, 7)]; 8; []; [(0, 0), (7, 7), (0, 1), (4, 1), (5, 1), (1, 2), (2, 3), (3, 4), (6, 5), (7, 6)]
3; Type 2.157; 3194; 65536; 3.8387506348400198; 8; [(0, 1), (1, 2), (2, 3), (3, 4), (4, 5), (5, 6), (6, 7)]; 8; []; [(0, 0), (7, 7), (0, 1), (4, 1), (6, 1), (1, 2), (2, 3), (3, 4), (5, 5), (7, 6)]
3; Type 2.158; 3194; 65536; 3.8652751423149905; 8; [(0, 1), (1, 2), (2, 3), (3, 4), (4, 5), (5, 6), (6, 7)]; 8; []; [(0, 0), (7, 7), (0, 1), (4, 1), (7, 1), (1, 2), (2, 3), (3, 4), (5, 5), (6, 6)]
3; Type 2.167; 3194; 65536; 3.557971014492754; 8; [(0, 1), (1, 2), (2, 3), (3, 4), (4, 5), (5, 6), (6, 7)]; 8; []; [(0, 0), (7, 7), (0, 1), (5, 1), (6, 1), (1, 2), (2, 3), (3, 4), (4, 5), (7, 6)]
3; Type 2.168; 3194; 65536; 3.308712121212121; 8; [(0, 1), (1, 2), (2, 3), (3, 4), (4, 5), (5, 6), (6, 7)]; 8; []; [(0, 0), (7, 7), (0, 1), (5, 1), (7, 1), (1, 2), (2, 3), (3, 4), (4, 5), (6, 6)]
3; Type 2.178; 3194; 65536; 3.008457907159716; 8; [(0, 1), (1, 2), (2, 3), (3, 4), (4, 5), (5, 6), (6, 7)]; 8; []; [(0, 0), (7, 7), (0, 1), (6, 1), (7, 1), (1, 2), (2, 3), (3, 4), (4, 5), (5, 6)]
3; Type 2.234; 3194; 65536; 3.040345821325648; 8; [(0, 1), (1, 2), (2, 3), (3, 4), (4, 5), (5, 6), (6, 7)]; 8; []; [(0, 0), (7, 7), (1, 2), (2, 2), (3, 2), (0, 1), (4, 3), (5, 4), (6, 5), (7, 6)]
3; Type 2.235; 3194; 65536; 3.3738738738738743; 8; [(0, 1), (1, 2), (2, 3), (3, 4), (4, 5), (5, 6), (6, 7)]; 8; []; [(0, 0), (7, 7), (1, 2), (2, 2), (4, 2), (0, 1), (3, 3), (5, 4), (6, 5), (7, 6)]
3; Type 2.236; 3194; 65536; 3.853885528152629; 8; [(0, 1), (1, 2), (2, 3), (3, 4), (4, 5), (5, 6), (6, 7)]; 8; []; [(0, 0), (7, 7), (1, 2), (2, 2), (5, 2), (0, 1), (3, 3), (4, 4), (6, 5), (7, 6)]
3; Type 2.237; 3194; 65536; 4.0661227994847575; 8; [(0, 1), (1, 2), (2, 3), (3, 4), (4, 5), (5, 6), (6, 7)]; 8; []; [(0, 0), (7, 7), (1, 2), (2, 2), (6, 2), (0, 1), (3, 3), (4, 4), (5, 5), (7, 6)]
3; Type 2.245; 3194; 65536; 3.3964160839160833; 8; [(0, 1), (1, 2), (2, 3), (3, 4), (4, 5), (5, 6), (6, 7)]; 8; []; [(0, 0), (7, 7), (1, 2), (3, 2), (4, 2), (0, 1), (2, 3), (5, 4), (6, 5), (7, 6)]
3; Type 2.246; 3194; 65536; 3.6767817695616802; 8; [(0, 1), (1, 2), (2, 3), (3, 4), (4, 5), (5, 6), (6, 7)]; 8; []; [(0, 0), (7, 7), (1, 2), (3, 2), (5, 2), (0, 1), (2, 3), (4, 4), (6, 5), (7, 6)]
3; Type 2.247; 3194; 65536; 4.2153846153846155; 8; [(0, 1), (1, 2), (2, 3), (3, 4), (4, 5), (5, 6), (6, 7)]; 8; []; [(0, 0), (7, 7), (1, 2), (3, 2), (6, 2), (0, 1), (2, 3), (4, 4), (5, 5), (7, 6)]
3; Type 2.256; 3194; 65536; 4.042553191489361; 8; [(0, 1), (1, 2), (2, 3), (3, 4), (4, 5), (5, 6), (6, 7)]; 8; []; [(0, 0), (7, 7), (1, 2), (4, 2), (5, 2), (0, 1), (2, 3), (3, 4), (6, 5), (7, 6)]
3; Type 2.257; 3194; 65536; 4.2153846153846155; 8; [(0, 1), (1, 2), (2, 3), (3, 4), (4, 5), (5, 6), (6, 7)]; 8; []; [(0, 0), (7, 7), (1, 2), (4, 2), (6, 2), (0, 1), (2, 3), (3, 4), (5, 5), (7, 6)]
3; Type 2.267; 3194; 65536; 4.0661227994847575; 8; [(0, 1), (1, 2), (2, 3), (3, 4), (4, 5), (5, 6), (6, 7)]; 8; []; [(0, 0), (7, 7), (1, 2), (5, 2), (6, 2), (0, 1), (2, 3), (3, 4), (4, 5), (7, 6)]
3; Type 2.345; 3194; 65536; 3.164613423959217; 8; [(0, 1), (1, 2), (2, 3), (3, 4), (4, 5), (5, 6), (6, 7)]; 8; []; [(0, 0), (7, 7), (2, 3), (3, 3), (4, 3), (0, 1), (1, 2), (5, 4), (6, 5), (7, 6)]
3; Type 2.346; 3194; 65536; 3.535367372353674; 8; [(0, 1), (1, 2), (2, 3), (3, 4), (4, 5), (5, 6), (6, 7)]; 8; []; [(0, 0), (7, 7), (2, 3), (3, 3), (5, 3), (0, 1), (1, 2), (4, 4), (6, 5), (7, 6)]
3; Type 2.356; 3194; 65536; 3.535367372353674; 8; [(0, 1), (1, 2), (2, 3), (3, 4), (4, 5), (5, 6), (6, 7)]; 8; []; [(0, 0), (7, 7), (2, 3), (4, 3), (5, 3), (0, 1), (1, 2), (3, 4), (6, 5), (7, 6)]
